data_dsge = [
1.047253462	1.160126608	0.878476622	0.875168965	1.195744235	1.24243856	0.872295069	0.698449784	0.995584702	0.695045164
1.148085367	1.095852248	1.284937646	0.932579009	1.264097883	1.200792796	1.182440033	1.318944723	0.826632859	0.62883012
1.010526151	1.154089299	0.71171944	0.969588732	1.223600604	1.142972535	1.083991172	1.533706731	1.043060443	0.628389711
1.034139631	1.065875069	0.977012353	1.253587249	1.142286998	1.080871995	1.185522225	0.569788172	1.048272823	0.701402827
1.14841202	1.071493937	1.298431549	1.232249785	1.080041683	1.067761382	1.000304011	2.079007091	1.131906739	0.544319443
1.105677091	1.087530902	1.144008838	1.253548367	0.972616245	1.053521035	0.78979186	1.405787744	1.046279903	0.886023571
1.137083247	0.998965477	1.586317348	1.243000774	1.016059653	1.03076003	0.914591318	1.443755203	1.024217389	0.991465132
1.160311693	1.007966379	1.502064198	1.137173928	1.101030159	1.034582885	0.978198986	1.987633015	1.023655184	0.657809391
1.010809778	1.032082178	0.981012287	1.198631034	1.121916662	1.025794642	1.643171717	1.910431977	1.095317134	0.6084073
1.125268164	1.019480722	1.343508962	1.116303692	1.212663477	1.097495168	1.534412857	1.07494942	1.000865337	0.605410895
1.213491889	0.963470914	1.707869803	1.07345623	1.2139954	0.995534284	1.613400903	1.355813542	1.202585281	0.608036354
1.158160965	0.961585884	1.462618643	0.990148807	1.240474467	1.143145255	1.367142603	1.005610529	1.033397674	0.602374648
1.366842161	0.948615011	2.089030421	1.006240474	1.268774377	1.147293464	0.906101941	1.017607347	0.992748408	0.651536363
1.056580206	1.025698416	1.103413312	1.023768381	1.259771999	1.1244438	1.018603495	1.571106412	1.086381729	0.637511966
0.920167885	1.049461923	0.767583375	1.036119117	1.254410878	1.294264018	0.917876224	1.241124689	0.892021011	0.57818252
0.8226887	1.036160046	0.600461779	1.116198201	1.202445926	1.165703246	0.7569964	0.80868705	1.015795241	0.58829884
0.902852748	0.9979992	0.834219014	1.032691003	1.210131854	1.26932338	0.723405802	1.770487847	1.236212014	0.542768697
0.985506519	0.995346034	0.975396036	0.998508606	1.184879913	1.14105411	0.70741282	1.087205101	1.348703275	0.465693665
1.024697482	1.052224225	0.974130666	1.126794788	1.224825453	1.1730592	0.840887239	0.868690372	0.871479981	0.432604456
1.055966616	1.101839829	0.96519381	0.973591422	1.275519275	1.237396559	0.83449309	1.570978558	1.128469328	0.445104527
0.887352384	1.113067986	0.682944576	0.976461766	1.270414509	1.193994981	0.931784104	0.642941139	0.949311725	0.506983399
1.001117906	1.063572916	0.911274915	1.053176626	1.349368558	1.314673787	0.987902592	0.90674328	0.960277943	0.551053371
1.002415884	1.059591418	0.909919181	0.866157457	1.36483492	1.312469914	0.75518496	1.067265783	1.374341151	0.53148295
1.054126682	1.073756196	1.009741968	0.941875559	1.399557959	1.323440204	1.078619271	0.876931154	0.852255796	0.579303
0.976188685	1.071813296	0.826319437	0.857252108	1.565582069	1.28223391	0.87059195	0.928968466	0.886767583	0.58633392
0.976910742	1.057640383	0.845857024	0.899350868	1.503807942	1.469916451	0.840731292	0.830613729	0.888467699	0.521236831
1.060609397	1.031057921	1.114574068	0.989434091	1.478843542	1.495497777	1.054503598	0.929406661	0.869587043	0.524534374
1.092807028	0.983867561	1.334884685	1.012471347	1.440899306	1.43358741	0.940220557	1.131807486	1.225732013	0.571909062
1.143163374	0.989743747	1.45031642	1.119735408	1.292582428	1.437636248	1.32722276	0.981530815	0.920268817	0.574273859
1.08614692	1.008112127	1.249418463	1.048502777	1.259524753	1.296131788	1.349161321	1.207141484	0.917236253	0.602610994
1.013229061	1.015859275	1.010303254	1.008284755	1.232718066	1.317352145	1.277129771	1.115299884	1.08766977	0.675420228
1.023900131	1.082395709	0.926718015	1.001241422	1.181329224	1.374360994	1.162972535	1.229075452	1.048521172	0.650610317
0.984229911	1.02935131	0.920916895	1.062822635	1.152089366	1.403052809	1.247644667	1.206717654	1.051421531	0.574770686
0.98326584	1.035510529	0.90077516	1.052769567	1.176224256	1.311679102	1.029337068	1.129211503	1.116547603	0.550565922
1.038991111	1.087685424	0.947556332	1.078403941	1.15765627	1.198713946	0.892110034	1.170881386	0.997243483	0.55685749
1.056158681	1.037646763	1.090282675	1.140160877	1.174668422	1.109579207	0.954327232	0.89863744	0.825589542	0.393269972
1.027430353	1.080891151	0.942777923	1.041420237	1.186253014	1.034764684	0.796461209	0.984244877	1.071618618	0.369541888
1.062625449	1.060615823	1.067176958	1.079528295	1.168511648	1.1149553	0.980789954	0.895635174	0.912808218	0.361675278
1.005489375	1.024009457	0.968726934	1.040606535	1.192343921	1.149410081	1.090458444	0.926374804	1.001356185	0.337120536
0.986899358	1.024420352	0.92256027	0.960656008	1.189441531	1.179264719	1.25937093	1.165457404	1.184377349	0.34379472
1.127622804	1.05832642	1.255046735	1.012945184	1.214742953	1.233616424	1.022371896	0.982690134	0.947596735	0.470365194
0.978206686	1.080209604	0.778875838	0.952406635	1.214955596	1.172080408	1.02852306	1.137656306	0.978391373	0.573505483
1.018722406	1.071897091	0.908594647	0.991734631	1.19258737	1.17737429	1.090543599	1.339438857	0.95707543	0.694969805
0.967602861	1.04381648	0.824443686	1.048947142	1.189294202	1.156139462	0.88656079	1.123787759	0.909802313	0.790919638
0.983811006	1.093770529	0.810573443	1.106684451	1.127238775	1.163227522	1.100612042	1.163682463	1.165405372	0.771992485
1.085046763	1.089507523	1.069630626	1.107545787	1.125657983	1.120407814	1.016634315	1.264053778	1.084625495	0.786128738
1.064863561	1.06857617	1.064806659	1.112011022	1.126928703	1.142353879	1.081189194	0.94568718	1.109854517	0.778436378
1.103341193	1.144362927	1.001792169	1.096544474	1.112649504	1.173173738	1.223671489	0.949237996	1.107115827	0.702880664
0.989763776	1.063344259	0.820090212	1.04109158	1.121411392	1.187091675	1.165858673	1.568851861	1.058768928	0.699838309
1.041505903	1.052909626	1.017750212	1.075604006	1.119322153	1.160311567	1.404529143	1.134422484	1.114146654	0.607216845
1.042370705	1.095857226	0.922857733	1.043140377	1.108665481	1.11482923	1.314723714	1.126489577	1.166925496	0.5044567
1.01515005	1.058367494	0.896255036	1.083471943	1.112814886	1.151183533	1.398594846	0.798565558	0.810886071	0.645436342
1.062435907	1.07121363	1.029475338	1.099584791	1.141380209	1.148817489	1.233888098	0.734316139	0.93820934	0.668009741
1.057518892	1.075861968	0.998109645	1.100880732	1.149081619	1.345417444	1.078847515	0.882577517	1.162007722	0.700103957
1.062556142	1.033887039	1.14975688	1.159132765	1.161752817	1.271498133	1.049369654	1.012125852	0.862968799	0.736976218
1.146553745	1.027682658	1.531656018	1.086144789	1.179520616	1.230083506	0.89497018	1.911704577	1.152204514	0.760329753
1.118224285	1.069677728	1.247746021	1.031096995	1.168347512	1.148379467	0.997228723	1.155640802	1.044664885	0.678292736
1.086236386	1.047155477	1.213256533	1.013108124	1.161507844	1.03458165	1.032494103	1.310693052	0.892569681	0.738195702
1.102507993	1.07876274	1.17139609	0.987504785	1.154168547	1.141243751	0.966285588	1.414561899	1.071426975	0.800263647
1.041012606	1.131667931	0.84039419	1.032421656	1.140512181	1.075656925	1.038010767	0.933779207	1.165714402	0.816203878
1.069932126	1.046036739	1.136472762	1.05736489	1.146647321	1.161179014	1.192264217	0.902110505	1.201447006	0.899989269
1.071848734	1.077187708	1.051123679	1.113831303	1.158693923	1.16874322	1.041311917	1.171342837	1.136106073	1.00731428
1.009029844	1.04066824	0.946904737	1.111386794	1.156575347	1.138858102	1.092921006	0.742619432	0.988054132	0.985938704
1.020545731	0.98093237	1.131147381	1.07015925	1.150709294	1.17532693	0.968983455	1.022747882	1.012365766	1.194034362
1.02479424	1.063152454	0.926040145	1.080081856	1.145027721	1.182668529	1.00075224	1.310452944	0.860632864	1.241129542
1.038622874	1.044046367	1.032916988	1.048001506	1.095664768	1.222539806	1.037331993	0.743899392	0.96281874	1.373510459
